SquareMatrix m1
75    77    39    62    94
36    76    83    72    98
15    84    14    49    66
88    41    12    24    96
5     90    65    50    17


SquareMatrix m2
24    50    53    35    78
85    55    84    48    48
5     28    43    81    74
50    12    50    20    81
56    1     75    26    90


m1.transpose()
75    36    15    88    5
77    76    84    41    90
39    83    14    12    65
62    72    49    24    50
94    98    66    96    17


m2.transpose()
24    85    5     50    56
50    55    28    12    1
53    84    43    50    75
35    48    81    20    26
78    48    74    81    90


m1.principalDiagonal()
[75 76 14 24 17]

m2.principalDiagonal()
[24 55 43 20 90]

m1.secondaryDiagonal()
[94 72 14 41 5]

m2.secondaryDiagonal()
[78 48 43 12 56]

m1.add(m2)
99    127   92    97    172
121   131   167   120   146
20    112   57    130   140
138   53    62    44    177
61    91    140   76    107


m1.minus(m2)
-51   -27   14    -27   -16
49    -21   1     -24   -50
-10   -56   29    32    8
-38   -29   38    -4    -15
51    -89   10    -24   73


m1.multiply(m2)
14908 25905 16716 18293 24720
13507 27292 16108 18399 24888
9001  16664 12631 12140 16392
10848 20524 13531 14372 17018
9075  16265 10280 12025 18669


m1.primes()
[83 41 5 17]

m2.primes()
[53 5 43]